# x y
  0 0.000
  5 0.014
 10 0.033
 15 0.053
 20 0.079
 25 0.108
 30 0.144
 35 0.178
 40 0.216
 45 0.257
 50 0.302
 55 0.349
 60 0.391
 65 0.454
 70 0.510
 75 0.563
 80 0.623
 85 0.681
 90 0.741
 95 0.805
100 0.857
105 0.922
110 0.988
115 1.047
120 1.109
125 1.160
130 1.262
135 1.354
140 1.425
145 1.496
150 1.563
155 1.626
160 1.692
165 1.768
170 1.825
175 1.895
180 1.959
185 2.030
190 2.090
195 2.160
200 2.230
205 2.310
210 2.370
215 2.450
220 2.510
225 2.580
230 2.650
235 2.720
240 2.790
245 2.850
250 2.930