# x y
  0 0.000
  5 0.014
 10 0.038
 15 0.059
 20 0.087
 25 0.116
 30 0.148
 35 0.182
 40 0.215
 45 0.254
 50 0.297
 55 0.342
 60 0.362
 65 0.425
 70 0.475
 75 0.532
 80 0.592
 85 0.649
 90 0.709
 95 0.763
100 0.814
105 0.878
110 0.935
115 0.961
120 1.011
125 1.076
130 1.149
135 1.225
140 1.278
145 1.336
150 1.382
155 1.437
160 1.479
165 1.527
170 1.579
175 1.628
180 1.681
185 1.721
190 1.772
195 1.820
200 1.866
205 1.914
210 1.957
215 1.999
220 2.050
225 2.090
230 2.120
235 2.170
240 2.210
245 2.240
250 2.280