#x y      
-10.000 0.0035
-8.000 0.0030
-3.500 0.0020
-2.500 0.0020
-1.750 0.0020
-1.500 0.0020
-1.250 0.0020
-1.000 0.0015
-0.750 0.0010
-0.670 0.0000 
-0.500 0.0020
-0.250 0.0140
 0.000 0.0290
 0.250 0.0420
 0.500 0.0550
 0.750 0.0660
 1.000 0.0770
 1.250 0.086
 1.500 0.096
 1.750 0.119
 2.000 0.120
 2.500 0.150
 3.000 0.170
 3.500 0.190
 4.000 0.205
 4.500 0.220
 5.000 0.225
 6.000 0.245
 7.000 0.260
 8.000 0.280
 9.000 0.295
10.000 0.300
11.000 0.315
12.000 0.325
13.000 0.340
14.000 0.345
15.000 0.350
16.000 0.360
17.000 0.370
18.000 0.380
19.000 0.380