# x y
-25.0000 0.0076
-24.0000 0.0110
-23.0000 0.0079
-22.0000 0.0030
-21.0000 0.0013
-20.0000 0.0083
-19.0000 0.0200
-18.0000 0.0260
-17.0000 0.0190
-16.0000 0.0052
-15.0000 0.0028
-14.0000 0.0200
-13.0000 0.0440
-12.0000 0.0490
-11.0000 0.0300
-10.0000 0.0061
 -9.0000 0.0058
 -8.0000 0.0340
 -7.0000 0.0635
 -6.0000 0.0635
 -5.0000 0.0340
 -4.0000 0.0054
 -3.0000 0.0088
 -2.0000 0.0410
 -1.0000 0.1400
  0.0001 0.1300
  1.0000 0.0400
  2.0000 0.0054
  3.0000 0.0092
  4.0000 0.0430
  5.0000 0.0680
  6.0000 0.0610
  7.0000 0.0290
  8.0000 0.0038
  9.0000 0.0092
 10.0000 0.0360
 11.0000 0.0520
 12.0000 0.0420
 13.0000 0.0175
 14.0000 0.0021
 15.0000 0.0063
 16.0000 0.0210
 17.0000 0.0270
 18.0000 0.0020
 19.0000 0.0074
 20.0000 0.0010
 21.0000 0.0037
 22.0000 0.0094
 23.0000 0.0110
 24.0000 0.0072
 25.0000 0.0028