# x y
-20.0000 0.0050
-19.0000 0.0040
-18.0000 0.0035
-17.0000 0.0060
-16.0000 0.0075
-15.0000 0.0060
-14.0000 0.0080
-13.0000 0.0140
-12.0000 0.0155
-11.0000 0.0100
-10.0000 0.0120
 -9.0000 0.0180
 -8.0000 0.0140
 -7.0000 0.0185
 -6.0000 0.0515
 -5.0000 0.0690
 -4.0000 0.0360
 -3.0000 0.0600
 -2.5000 0.1100
 -2.0000 0.3000
 -1.5000 0.4000
 -1.0000 0.7000
 -0.5000 0.9000
  0.0001 1.1000
  0.5000 1.1000
  1.0000 1.0000
  1.5000 0.8500
  2.0000 0.5200
  2.5000 0.4000
  3.0000 0.1200
  4.0000 0.0180
  5.0000 0.0540
  6.0000 0.0540
  7.0000 0.0190
  8.0000 0.0100
  9.0000 0.0220
 10.0000 0.0200
 11.0000 0.0090
 12.0000 0.0110
 13.0000 0.0140
 14.0000 0.0080
 15.0000 0.0040
 16.0000 0.0070
 17.0000 0.0100
 18.0000 0.0060
 19.0000 0.0030
 20.0000 0.0040
 21.0000 0.0045












