# x y 
-25.0000 0.0012
-24.0000 0.0012
-23.0000 0.0012
-22.0000 0.0013
-21.0000 0.0017
-20.0000 0.0023
-19.0000 0.0030
-18.0000 0.0035
-17.0000 0.0037
-16.0000 0.0040
-15.0000 0.0045
-14.0000 0.0060
-13.0000 0.0090
-12.0000 0.0120
-11.0000 0.0130
-10.0000 0.0125
 -9.0000 0.0100
 -8.0000 0.0080
 -7.0000 0.0140
 -6.0000 0.0370
 -5.0000 0.0820
 -4.0000 0.1600
 -3.0000 0.2200
 -2.0000 0.2900
 -1.0000 0.3400
  0.0001 0.3500
  1.0000 0.3000
  2.0000 0.2300
  3.0000 0.1600
  4.0000 0.0850
  5.0000 0.0360
  6.0000 0.0120
  7.0000 0.0080
  8.0000 0.0140
  9.0000 0.0200
 10.0000 0.0220
 11.0000 0.0170
 12.0000 0.0100
 13.0000 0.0050
 14.0000 0.0040
 15.0000 0.0060
 16.0000 0.0080
 17.0000 0.0090
 18.0000 0.0080
 19.0000 0.0050
 20.0000 0.0025
 21.0000 0.0015
 22.0000 0.0020
 23.0000 0.0025
 24.0000 0.0035
 25.0000 0.0035