# x y
  1 4643
  2 4748
  3 4635
  4 4559
  5 4386
  6 4537
  7 4627
  8 4737
  9 4645
 10 4405
 11 4642
 12 4374
 13 4542
 14 4834
 15 4600
 16 4874
 17 4554
 18 4554
 19 4607
 20 4590
 21 4535
 22 4488
 23 4431
 24 4698
 25 4781
 26 4867
 27 4460
 28 4717
 29 4662
 30 4624
 31 4579
 32 4516
 33 4879
 34 4419
 35 4827
 36 4420
 37 4669
 38 4348
 39 4615
 40 4385
 41 4447
 42 4487
 43 4669
 44 4512
 45 4946
 46 4808
 47 4854
 48 4847
 49 4411
 50 4522
 51 4544
 52 4826
 53 4455
 54 4780
 55 4687
 56 4576
 57 4503
 58 4231
 59 4655
 60 4630
 61 4700
 62 4721
 63 4246
 64 4603
 65 4813
 66 4895
 67 4575
 68 4459
 69 4964
 70 4462
 71 4624
 72 4646
 73 4584
 74 4522
 75 4373
 76 4566
 77 4680
 78 4751
 79 4573
 80 4385
 81 4674
 82 4504
 83 4706
 84 4414
 85 4547
 86 4450
 87 4568
 88 4692
 89 4801
 90 4654
 91 4699
 92 4729
 93 4410
 94 4559
 95 4629
 96 4507
 97 4758
 98 4345
 99 4762
100 4606



