# x y z
 2.5  0.000 0.170
 5.5 -0.110 0.050 
 8.5 -0.310 0.020 
11.0 -0.395 0.030 
13.0 -0.455 0.065 
15.0 -0.510 0.013 
17.0 -0.570 0.270 
19.0 -0.600 0.400 
21.0 -0.645 0.560 
23.0 -0.710 0.775 
25.0 -0.680 0.985 
27.0 -0.650 1.150 
29.0 -0.630 1.565 
31.0 -0.600 1.700 
33.0 -0.560 2.000 
35.0 -0.560 2.260 
37.0 -0.555 2.460 
39.0 -0.550 2.820 
41.0 -0.550 3.050 
42.0 -0.550 3.200 
43.0 -0.550 3.385 
44.0 -0.550 3.500 
45.0 -0.540 3.630 
46.0 -0.520 3.780 
47.0 -0.500 3.930 
48.0 -0.480 4.030 