# x y z
 2.5 -0.005  0.060 
 5.5 -0.270 -0.215
 8.5 -0.380 -0.280
11.0 -0.435 -0.300
13.0 -0.480 -0.305
15.0 -0.500 -0.310
17.0 -0.540 -0.265
19.0 -0.580 -0.265
21.0 -0.620 -0.240
23.0 -0.620 -0.225
25.0 -0.720 -0.220
27.0 -0.810 -0.235
29.0 -0.850 -0.220
31.0 -0.900 -0.250
33.0 -0.990 -0.190
35.0 -1.025 -0.130
37.0 -1.040 -0.080
39.0 -1.050 -0.070
41.0 -1.080 -0.030
42.0 -1.100 -0.020
43.0 -1.100  0.005
44.0 -1.100  0.030
45.0 -1.090  0.055
46.0 -1.090  0.120
47.0 -1.090  0.160
48.0 -1.100  0.160
49.0 -1.100  0.190
49.5 -1.110  0.220